.340
.330
.320
.320
.330
.320
.340
.310
.320
.330
.300
.310
.300
.320
.310
.310
.310
.310
.300
.300
.300
.300
.290
.320
.290
.300
.310
.310
.310
.300
.290
.300
.310
.310
.300
.300
.300
.300
.300
.300
.310
.310
.320
.300
.310
.310
.310
.310
.320
.310
.300
.310
.300
.310
.310
.310
.300
.310
.310
.310
.300
.310
.320
.310
.300
.300
.310
.320
.320
.310
.300
.300
.300
.310
.300
.290
.290
.290
.290
.300
.300
.300
.300
.310
.300
.300
.310
.290
.290
.300
.300
.300
.290
.290
.290
.300
.300
.300
.310
.300
.290
.310
.290
.290
.300
.300
.290
.290
.300
.310
.300
.300
.310
.300
.300
.300
.300
.290
.310
.310
.320
.300
.300
.280
.300
.310
